{
 "cells": [
  {
   "cell_type": "code",
   "execution_count": 44,
   "metadata": {},
   "outputs": [],
   "source": [
    "import re\n",
    "import pickle\n",
    "import numpy as np\n",
    "import matplotlib.pyplot as plt\n",
    "import seaborn as sns\n",
    "\n",
    "from sklearn.preprocessing import StandardScaler\n",
    "from scipy.stats import mannwhitneyu, kruskal, spearmanr"
   ]
  },
  {
   "cell_type": "code",
   "execution_count": 45,
   "metadata": {},
   "outputs": [],
   "source": [
    "def extract_subject_data(file_path):\n",
    "    subject_data = {}\n",
    "    with open(file_path, 'r') as f:\n",
    "        lines = f.readlines()\n",
    "    \n",
    "    # Regular expression to capture subject identifiers like 1069, 19, 201, etc.\n",
    "    subject_pattern = re.compile(r\"^(\\d+):\")\n",
    "    \n",
    "    current_subject = None\n",
    "    for line in lines:\n",
    "        match = subject_pattern.match(line.strip())\n",
    "        \n",
    "        if match:\n",
    "            current_subject = match.group(1)  # subject ID\n",
    "            subject_data[current_subject] = {}\n",
    "        elif current_subject:\n",
    "            # Extracting the values for accuracy, precision, recall, F1-score, and ROC AUC\n",
    "            if \"accuracy\" in line:\n",
    "                subject_data[current_subject]['accuracy'] = float(line.split(\":\")[1].strip())\n",
    "            elif \"precision\" in line:\n",
    "                subject_data[current_subject]['precision'] = float(line.split(\":\")[1].strip())\n",
    "            elif \"recall\" in line:\n",
    "                subject_data[current_subject]['recall'] = float(line.split(\":\")[1].strip())\n",
    "            elif \"F1-score\" in line:\n",
    "                subject_data[current_subject]['F1-score'] = float(line.split(\":\")[1].strip())\n",
    "            elif \"ROC AUC\" in line:\n",
    "                subject_data[current_subject]['ROC AUC'] = float(line.split(\":\")[1].strip())\n",
    "    \n",
    "    return subject_data"
   ]
  },
  {
   "cell_type": "code",
   "execution_count": 46,
   "metadata": {},
   "outputs": [],
   "source": [
    "# Function to perform the tests\n",
    "def compare_metrics(file_path_1, file_path_2):\n",
    "    # Extract data from both files\n",
    "    data_1 = extract_subject_data(file_path_1)\n",
    "    data_2 = extract_subject_data(file_path_2)\n",
    "    \n",
    "    # Prepare a dictionary to store comparison results for each metric\n",
    "    comparison_results = {}\n",
    "    \n",
    "    # Compare metrics\n",
    "    for metric in ['accuracy', 'precision', 'recall', 'F1-score', 'ROC AUC']:\n",
    "        # Extract values for the current metric from both data sets\n",
    "        metric_data_1 = [subject_data[metric] for subject_data in data_1.values()]\n",
    "        metric_data_2 = [subject_data[metric] for subject_data in data_2.values()]\n",
    "        \n",
    "        # Mann-Whitney U Test\n",
    "        u_statistic, p_value_mannwhitney = mannwhitneyu(metric_data_1, metric_data_2)\n",
    "        \n",
    "        # Kruskal-Wallis Test\n",
    "        h_statistic, p_value_kruskal = kruskal(metric_data_1, metric_data_2)\n",
    "        \n",
    "        # Store the results in the comparison_results dictionary\n",
    "        comparison_results[metric] = {\n",
    "            'Mann-Whitney U Test': {\n",
    "                'U-statistic': f\"{u_statistic:.3f}\",\n",
    "                'p-value': f\"{p_value_mannwhitney:.3f}\"\n",
    "            },\n",
    "            'Kruskal-Wallis Test': {\n",
    "                'H-statistic': f\"{h_statistic:.3f}\",\n",
    "                'p-value': f\"{p_value_kruskal:.3f}\"\n",
    "            }\n",
    "        }\n",
    "    \n",
    "    return comparison_results"
   ]
  },
  {
   "cell_type": "code",
   "execution_count": 50,
   "metadata": {},
   "outputs": [
    {
     "name": "stdout",
     "output_type": "stream",
     "text": [
      "Metric: accuracy\n",
      "  Mann-Whitney U Test:\n",
      "    U-statistic = 189.500\n",
      "    p-value = 0.787\n",
      "  Kruskal-Wallis Test:\n",
      "    H-statistic = 0.081\n",
      "    p-value = 0.776\n",
      "Metric: precision\n",
      "  Mann-Whitney U Test:\n",
      "    U-statistic = 169.500\n",
      "    p-value = 0.417\n",
      "  Kruskal-Wallis Test:\n",
      "    H-statistic = 0.681\n",
      "    p-value = 0.409\n",
      "Metric: recall\n",
      "  Mann-Whitney U Test:\n",
      "    U-statistic = 217.000\n",
      "    p-value = 0.655\n",
      "  Kruskal-Wallis Test:\n",
      "    H-statistic = 0.212\n",
      "    p-value = 0.645\n",
      "Metric: F1-score\n",
      "  Mann-Whitney U Test:\n",
      "    U-statistic = 194.000\n",
      "    p-value = 0.882\n",
      "  Kruskal-Wallis Test:\n",
      "    H-statistic = 0.026\n",
      "    p-value = 0.871\n",
      "Metric: ROC AUC\n",
      "  Mann-Whitney U Test:\n",
      "    U-statistic = 193.500\n",
      "    p-value = 0.871\n",
      "  Kruskal-Wallis Test:\n",
      "    H-statistic = 0.031\n",
      "    p-value = 0.860\n"
     ]
    }
   ],
   "source": [
    "# data_1 = \"./metrics/SVM/scaled_rbf_mfcc_20_no_pitch_rand.txt\"\n",
    "# data_2 = \"./metrics/SVM/scaled_rbf_mfcc_20_pitch_rand.txt\"\n",
    "\n",
    "# data_1 = \"./metrics/SVM/rbf_pca_mfcc_20_no_pitch_rand.txt\"\n",
    "# data_2 = \"./metrics/SVM/rbf_pca_mfcc_20_pitch_rand.txt\"\n",
    "\n",
    "# data_1 = \"./metrics/SVM/scaled_rbf_mfcc_20_no_pitch_rand.txt\"\n",
    "# data_2 = \"./metrics/SVM/rbf_pca_mfcc_20_no_pitch_rand.txt\"\n",
    "\n",
    "data_1 = \"./metrics/HMM/diag_5_mfcc_20_no_pitch_rand.txt\"\n",
    "data_2 = \"./metrics/HMM/diag_5_mfcc_20_pitch_rand.txt\"\n",
    "\n",
    "# data_2 = \"./metrics/HMM/diag_5_mfcc_20_pitch_rand.txt\"\n",
    "\n",
    "results = compare_metrics(data_1, data_2)\n",
    "\n",
    "for metric, result in results.items():\n",
    "    print(f\"Metric: {metric}\")\n",
    "    for test, values in result.items():\n",
    "        print(f\"  {test}:\")\n",
    "        # Access 'U-statistic' for Mann-Whitney U Test, and 'H-statistic' for Kruskal-Wallis Test\n",
    "        statistic_key = 'U-statistic' if 'Mann-Whitney' in test else 'H-statistic'\n",
    "        print(f\"    {statistic_key} = {values[statistic_key]}\")\n",
    "        print(f\"    p-value = {values['p-value']}\")"
   ]
  },
  {
   "cell_type": "markdown",
   "metadata": {},
   "source": [
    "### Feature Testing"
   ]
  },
  {
   "cell_type": "code",
   "execution_count": 32,
   "metadata": {},
   "outputs": [],
   "source": [
    "def scale_features(data_dict):\n",
    "    \"\"\"\n",
    "    Scales the data in a dictionary using StandardScaler.\n",
    "    \n",
    "    Parameters:\n",
    "        data_dict (dict): Dictionary where each key is a subject, and the value is a 2D array \n",
    "                          (samples x features).\n",
    "                          \n",
    "    Returns:\n",
    "        dict: A new dictionary with scaled data, maintaining the same structure as the input.\n",
    "    \"\"\"\n",
    "    # Combine all data into a single array\n",
    "    all_samples = np.vstack(list(data_dict.values()))  # Shape: (total_samples, num_features)\n",
    "\n",
    "    # Scale the data\n",
    "    scaler = StandardScaler()\n",
    "    scaled_data = scaler.fit_transform(all_samples)  # Shape: (total_samples, num_features)\n",
    "\n",
    "    # Split scaled data back into original structure\n",
    "    split_indices = np.cumsum([len(samples) for samples in data_dict.values()])[:-1]\n",
    "    scaled_subjects = np.split(scaled_data, split_indices)\n",
    "\n",
    "    # Reconstruct the dictionary with scaled data\n",
    "    scaled_data_dict = {key: scaled_subjects[i] for i, key in enumerate(data_dict.keys())}\n",
    "\n",
    "    return scaled_data_dict"
   ]
  },
  {
   "cell_type": "code",
   "execution_count": 57,
   "metadata": {},
   "outputs": [
    {
     "name": "stdout",
     "output_type": "stream",
     "text": [
      "scaling performed\n",
      "reader: 1069 | # samples 1000\n",
      "reader: 19 | # samples 1000\n",
      "reader: 201 | # samples 1000\n",
      "reader: 250 | # samples 1000\n",
      "reader: 254 | # samples 999\n",
      "reader: 26 | # samples 1000\n",
      "reader: 27 | # samples 1000\n",
      "reader: 289 | # samples 1000\n",
      "reader: 298 | # samples 1000\n",
      "reader: 311 | # samples 1000\n",
      "reader: 32 | # samples 1000\n",
      "reader: 3240 | # samples 1000\n",
      "reader: 39 | # samples 1000\n",
      "reader: 40 | # samples 1000\n",
      "reader: 4297 | # samples 1000\n",
      "reader: 60 | # samples 1000\n",
      "reader: 78 | # samples 1000\n",
      "reader: 7800 | # samples 1000\n",
      "reader: 83 | # samples 1000\n",
      "reader: 87 | # samples 1000\n"
     ]
    }
   ],
   "source": [
    "features = \"mfcc_20_no_pitch_1000_rand\"\n",
    "\n",
    "with open(f\"../../data/extracted_features_v2/{features}.pickle\", \"rb\") as file:\n",
    "   mfcc_stats_dict = pickle.load(file)\n",
    "\n",
    "if \"pca\" not in features:\n",
    "   print(\"scaling performed\")\n",
    "   mfcc_stats_dict = scale_features(mfcc_stats_dict)\n",
    "\n",
    "for reader in mfcc_stats_dict.keys():\n",
    "    print(f\"reader: {reader} | # samples {len(mfcc_stats_dict[reader])}\")"
   ]
  },
  {
   "cell_type": "code",
   "execution_count": 58,
   "metadata": {},
   "outputs": [],
   "source": [
    "def spearman_correlation_test(speaker_data):\n",
    "    \"\"\"\n",
    "    Runs a Spearman rank correlation test on the features of each speaker\n",
    "    and across all speakers.\n",
    "\n",
    "    Args:\n",
    "    - speaker_data (dict): A dictionary where keys are speaker identifiers\n",
    "                            and values are 2D numpy arrays (instances x features).\n",
    "    \n",
    "    Returns:\n",
    "    - speaker_corrs (dict): A dictionary with Spearman correlation results \n",
    "                             for each speaker.\n",
    "    - all_speakers_corr (float): Spearman correlation coefficient for all speakers combined.\n",
    "    \"\"\"\n",
    "    # Dictionary to store individual speaker correlations\n",
    "    speaker_corrs = {}\n",
    "\n",
    "    # Calculate Spearman correlation for each speaker\n",
    "    for speaker, data in speaker_data.items():\n",
    "        # Perform the Spearman correlation on the features for each speaker\n",
    "        corr, _ = spearmanr(data, axis=0)  # Correlation matrix for features\n",
    "        speaker_corrs[speaker] = corr\n",
    "\n",
    "    # To calculate correlation across all speakers, concatenate all their feature matrices\n",
    "    # Assuming that the speakers' data matrices have the same number of features\n",
    "    all_speakers_data = np.vstack(list(speaker_data.values()))\n",
    "    \n",
    "    # Compute the correlation for the combined data\n",
    "    all_speakers_corr, _ = spearmanr(all_speakers_data, axis=0)\n",
    "    \n",
    "    return speaker_corrs, all_speakers_corr\n",
    "\n",
    "def plot_correlation_matrix(corr_matrix, title=\"Correlation Matrix\"):\n",
    "    \"\"\"\n",
    "    Plots a heatmap of the given correlation matrix.\n",
    "\n",
    "    Args:\n",
    "    - corr_matrix (2D array): The correlation matrix to plot.\n",
    "    - title (str): The title of the heatmap plot. Default is \"Correlation Matrix\".\n",
    "    \"\"\"\n",
    "    plt.figure(figsize=(10, 8))\n",
    "    sns.heatmap(corr_matrix, annot=False, cmap='coolwarm', fmt='.2f', vmin=-1, vmax=1)\n",
    "    plt.title(title)\n",
    "    plt.show()\n",
    "\n",
    "def plot_correlation_matrix_scatter(corr_matrix, title=\"Correlation Matrix Scatter Plot\"):\n",
    "    \"\"\"\n",
    "    Plots a scatter plot of the given correlation matrix.\n",
    "\n",
    "    Args:\n",
    "    - corr_matrix (2D array): The correlation matrix to plot.\n",
    "    - title (str): The title of the scatter plot. Default is \"Correlation Matrix Scatter Plot\".\n",
    "    \"\"\"\n",
    "    # Get the indices of the upper triangle of the correlation matrix (to avoid redundant points)\n",
    "    n = corr_matrix.shape[0]\n",
    "    x, y = np.triu_indices(n, k=1)\n",
    "    \n",
    "    # Get the correlation values for the upper triangle\n",
    "    corr_values = corr_matrix[x, y]\n",
    "\n",
    "    # Plot the scatter plot\n",
    "    plt.figure(figsize=(8, 6))\n",
    "    plt.scatter(x, y, c=corr_values, cmap='coolwarm', s=50, edgecolor='k', alpha=0.7)\n",
    "    plt.colorbar(label=\"Spearman Correlation\")\n",
    "    plt.title(title)\n",
    "    plt.xlabel(\"Feature Index 1\")\n",
    "    plt.ylabel(\"Feature Index 2\")\n",
    "    plt.show()"
   ]
  },
  {
   "cell_type": "code",
   "execution_count": 59,
   "metadata": {},
   "outputs": [
    {
     "name": "stdout",
     "output_type": "stream",
     "text": [
      "Spearman Correlation Matrix for 1069:\n",
      "[[ 1.          0.08577322 -0.34557452 ... -0.28711864 -0.06493787\n",
      "  -0.26494675]\n",
      " [ 0.08577322  1.         -0.4077403  ... -0.11482292 -0.03799546\n",
      "   0.06604491]\n",
      " [-0.34557452 -0.4077403   1.         ...  0.26417652  0.05024015\n",
      "   0.06875607]\n",
      " ...\n",
      " [-0.28711864 -0.11482292  0.26417652 ...  1.          0.08782898\n",
      "   0.16041219]\n",
      " [-0.06493787 -0.03799546  0.05024015 ...  0.08782898  1.\n",
      "   0.1433674 ]\n",
      " [-0.26494675  0.06604491  0.06875607 ...  0.16041219  0.1433674\n",
      "   1.        ]]\n",
      "Spearman Correlation Matrix for 19:\n",
      "[[ 1.          0.02348522 -0.52370077 ... -0.33082903 -0.29924578\n",
      "  -0.36354442]\n",
      " [ 0.02348522  1.         -0.48804086 ... -0.03399463  0.02355474\n",
      "   0.09273135]\n",
      " [-0.52370077 -0.48804086  1.         ...  0.19973654  0.24782121\n",
      "   0.10420666]\n",
      " ...\n",
      " [-0.33082903 -0.03399463  0.19973654 ...  1.          0.04689146\n",
      "   0.29040161]\n",
      " [-0.29924578  0.02355474  0.24782121 ...  0.04689146  1.\n",
      "   0.11395669]\n",
      " [-0.36354442  0.09273135  0.10420666 ...  0.29040161  0.11395669\n",
      "   1.        ]]\n",
      "Spearman Correlation Matrix for 201:\n",
      "[[ 1.          0.03739296 -0.28531777 ... -0.23709819 -0.11610171\n",
      "  -0.21778128]\n",
      " [ 0.03739296  1.         -0.20540141 ...  0.25995646 -0.14404018\n",
      "  -0.03299994]\n",
      " [-0.28531777 -0.20540141  1.         ...  0.03045785  0.18338574\n",
      "   0.13824244]\n",
      " ...\n",
      " [-0.23709819  0.25995646  0.03045785 ...  1.         -0.1555691\n",
      "   0.14359225]\n",
      " [-0.11610171 -0.14404018  0.18338574 ... -0.1555691   1.\n",
      "   0.00199727]\n",
      " [-0.21778128 -0.03299994  0.13824244 ...  0.14359225  0.00199727\n",
      "   1.        ]]\n",
      "Spearman Correlation Matrix for 250:\n",
      "[[ 1.         -0.11046796 -0.24943975 ... -0.29234258 -0.2430261\n",
      "  -0.2223526 ]\n",
      " [-0.11046796  1.         -0.54037154 ... -0.12261915 -0.04762032\n",
      "   0.05203536]\n",
      " [-0.24943975 -0.54037154  1.         ...  0.16699818  0.15247584\n",
      "   0.07916528]\n",
      " ...\n",
      " [-0.29234258 -0.12261915  0.16699818 ...  1.          0.0899053\n",
      "   0.1858777 ]\n",
      " [-0.2430261  -0.04762032  0.15247584 ...  0.0899053   1.\n",
      "  -0.00371414]\n",
      " [-0.2223526   0.05203536  0.07916528 ...  0.1858777  -0.00371414\n",
      "   1.        ]]\n",
      "Spearman Correlation Matrix for 254:\n",
      "[[ 1.          0.31524283 -0.21793618 ... -0.04370794 -0.26736012\n",
      "  -0.14729712]\n",
      " [ 0.31524283  1.         -0.52751078 ...  0.06078708 -0.17542986\n",
      "  -0.2678116 ]\n",
      " [-0.21793618 -0.52751078  1.         ... -0.23626542  0.03707064\n",
      "   0.052987  ]\n",
      " ...\n",
      " [-0.04370794  0.06078708 -0.23626542 ...  1.          0.09632238\n",
      "   0.0815898 ]\n",
      " [-0.26736012 -0.17542986  0.03707064 ...  0.09632238  1.\n",
      "   0.05442441]\n",
      " [-0.14729712 -0.2678116   0.052987   ...  0.0815898   0.05442441\n",
      "   1.        ]]\n",
      "Spearman Correlation Matrix for 26:\n",
      "[[ 1.          0.20830776 -0.16124649 ... -0.10187465 -0.2414992\n",
      "  -0.27020612]\n",
      " [ 0.20830776  1.         -0.38140939 ... -0.12975705 -0.22437621\n",
      "  -0.23294372]\n",
      " [-0.16124649 -0.38140939  1.         ...  0.08160463  0.11164503\n",
      "   0.04190883]\n",
      " ...\n",
      " [-0.10187465 -0.12975705  0.08160463 ...  1.         -0.08490974\n",
      "   0.14639038]\n",
      " [-0.2414992  -0.22437621  0.11164503 ... -0.08490974  1.\n",
      "   0.06838923]\n",
      " [-0.27020612 -0.23294372  0.04190883 ...  0.14639038  0.06838923\n",
      "   1.        ]]\n",
      "Spearman Correlation Matrix for 27:\n",
      "[[ 1.          0.10920472 -0.26276162 ... -0.22787413 -0.20065446\n",
      "  -0.24922479]\n",
      " [ 0.10920472  1.         -0.61068429 ... -0.16491572 -0.04473279\n",
      "  -0.27141049]\n",
      " [-0.26276162 -0.61068429  1.         ...  0.13704311  0.14253728\n",
      "   0.24774504]\n",
      " ...\n",
      " [-0.22787413 -0.16491572  0.13704311 ...  1.         -0.00284242\n",
      "   0.10766261]\n",
      " [-0.20065446 -0.04473279  0.14253728 ... -0.00284242  1.\n",
      "   0.00843706]\n",
      " [-0.24922479 -0.27141049  0.24774504 ...  0.10766261  0.00843706\n",
      "   1.        ]]\n",
      "Spearman Correlation Matrix for 289:\n",
      "[[ 1.          0.00307553 -0.00310751 ... -0.14358905 -0.26973807\n",
      "  -0.23411631]\n",
      " [ 0.00307553  1.         -0.39944301 ... -0.21621322 -0.20426183\n",
      "  -0.04523383]\n",
      " [-0.00310751 -0.39944301  1.         ...  0.07414024  0.11954026\n",
      "  -0.11316219]\n",
      " ...\n",
      " [-0.14358905 -0.21621322  0.07414024 ...  1.          0.06338045\n",
      "   0.15820895]\n",
      " [-0.26973807 -0.20426183  0.11954026 ...  0.06338045  1.\n",
      "   0.02175335]\n",
      " [-0.23411631 -0.04523383 -0.11316219 ...  0.15820895  0.02175335\n",
      "   1.        ]]\n",
      "Spearman Correlation Matrix for 298:\n",
      "[[ 1.          0.05816871 -0.47732212 ... -0.16810814 -0.27719823\n",
      "  -0.17076366]\n",
      " [ 0.05816871  1.         -0.52087175 ...  0.07979055 -0.11754137\n",
      "   0.11235003]\n",
      " [-0.47732212 -0.52087175  1.         ... -0.00371523  0.252358\n",
      "  -0.0115685 ]\n",
      " ...\n",
      " [-0.16810814  0.07979055 -0.00371523 ...  1.         -0.01739809\n",
      "   0.21831378]\n",
      " [-0.27719823 -0.11754137  0.252358   ... -0.01739809  1.\n",
      "   0.02534397]\n",
      " [-0.17076366  0.11235003 -0.0115685  ...  0.21831378  0.02534397\n",
      "   1.        ]]\n",
      "Spearman Correlation Matrix for 311:\n",
      "[[ 1.          0.0573963  -0.00262907 ... -0.1924774  -0.23691608\n",
      "  -0.25624242]\n",
      " [ 0.0573963   1.         -0.403728   ...  0.00267327 -0.27892121\n",
      "  -0.17198416]\n",
      " [-0.00262907 -0.403728    1.         ... -0.10409115  0.13090893\n",
      "   0.00819817]\n",
      " ...\n",
      " [-0.1924774   0.00267327 -0.10409115 ...  1.          0.03987971\n",
      "   0.08773998]\n",
      " [-0.23691608 -0.27892121  0.13090893 ...  0.03987971  1.\n",
      "   0.08968941]\n",
      " [-0.25624242 -0.17198416  0.00819817 ...  0.08773998  0.08968941\n",
      "   1.        ]]\n",
      "Spearman Correlation Matrix for 32:\n",
      "[[ 1.         -0.27384545 -0.38355966 ... -0.15241928 -0.10413546\n",
      "  -0.10306798]\n",
      " [-0.27384545  1.         -0.19857311 ... -0.07198158 -0.18920401\n",
      "  -0.1430171 ]\n",
      " [-0.38355966 -0.19857311  1.         ... -0.05581393  0.09706224\n",
      "  -0.09204766]\n",
      " ...\n",
      " [-0.15241928 -0.07198158 -0.05581393 ...  1.         -0.00702819\n",
      "   0.11512203]\n",
      " [-0.10413546 -0.18920401  0.09706224 ... -0.00702819  1.\n",
      "   0.09694566]\n",
      " [-0.10306798 -0.1430171  -0.09204766 ...  0.11512203  0.09694566\n",
      "   1.        ]]\n",
      "Spearman Correlation Matrix for 3240:\n",
      "[[ 1.          0.53979911  0.11392635 ... -0.30806859 -0.34663791\n",
      "  -0.41009242]\n",
      " [ 0.53979911  1.         -0.20633764 ... -0.11088803 -0.37735359\n",
      "  -0.3791884 ]\n",
      " [ 0.11392635 -0.20633764  1.         ... -0.07183326  0.03186267\n",
      "  -0.01093742]\n",
      " ...\n",
      " [-0.30806859 -0.11088803 -0.07183326 ...  1.          0.06255967\n",
      "   0.18518504]\n",
      " [-0.34663791 -0.37735359  0.03186267 ...  0.06255967  1.\n",
      "   0.15686158]\n",
      " [-0.41009242 -0.3791884  -0.01093742 ...  0.18518504  0.15686158\n",
      "   1.        ]]\n",
      "Spearman Correlation Matrix for 39:\n",
      "[[ 1.          0.01260196 -0.08790981 ... -0.21763662 -0.15806679\n",
      "  -0.12163206]\n",
      " [ 0.01260196  1.         -0.46627569 ... -0.16762037 -0.1645108\n",
      "  -0.00793467]\n",
      " [-0.08790981 -0.46627569  1.         ...  0.1177436   0.08152029\n",
      "  -0.13884829]\n",
      " ...\n",
      " [-0.21763662 -0.16762037  0.1177436  ...  1.         -0.03437531\n",
      "   0.12766741]\n",
      " [-0.15806679 -0.1645108   0.08152029 ... -0.03437531  1.\n",
      "  -0.06619148]\n",
      " [-0.12163206 -0.00793467 -0.13884829 ...  0.12766741 -0.06619148\n",
      "   1.        ]]\n",
      "Spearman Correlation Matrix for 40:\n",
      "[[ 1.          0.31011422 -0.46542486 ... -0.06713344 -0.15843409\n",
      "   0.17245031]\n",
      " [ 0.31011422  1.         -0.36274042 ... -0.18783019 -0.0643932\n",
      "  -0.0268198 ]\n",
      " [-0.46542486 -0.36274042  1.         ...  0.09617903  0.02943434\n",
      "  -0.20377474]\n",
      " ...\n",
      " [-0.06713344 -0.18783019  0.09617903 ...  1.          0.23262068\n",
      "   0.22398506]\n",
      " [-0.15843409 -0.0643932   0.02943434 ...  0.23262068  1.\n",
      "   0.25392083]\n",
      " [ 0.17245031 -0.0268198  -0.20377474 ...  0.22398506  0.25392083\n",
      "   1.        ]]\n",
      "Spearman Correlation Matrix for 4297:\n",
      "[[ 1.          0.17669514 -0.29900748 ... -0.31732903 -0.31362209\n",
      "  -0.39816503]\n",
      " [ 0.17669514  1.         -0.57771889 ... -0.23846125 -0.21341665\n",
      "  -0.14143226]\n",
      " [-0.29900748 -0.57771889  1.         ...  0.29560812  0.19733522\n",
      "   0.15241324]\n",
      " ...\n",
      " [-0.31732903 -0.23846125  0.29560812 ...  1.          0.10451428\n",
      "   0.22725805]\n",
      " [-0.31362209 -0.21341665  0.19733522 ...  0.10451428  1.\n",
      "   0.18249669]\n",
      " [-0.39816503 -0.14143226  0.15241324 ...  0.22725805  0.18249669\n",
      "   1.        ]]\n",
      "Spearman Correlation Matrix for 60:\n",
      "[[ 1.          0.33149264 -0.36934374 ... -0.30567511 -0.34260947\n",
      "  -0.33314143]\n",
      " [ 0.33149264  1.         -0.51576946 ... -0.18834144 -0.24450512\n",
      "  -0.27498839]\n",
      " [-0.36934374 -0.51576946  1.         ...  0.08328236  0.2594249\n",
      "   0.23719994]\n",
      " ...\n",
      " [-0.30567511 -0.18834144  0.08328236 ...  1.          0.09008899\n",
      "   0.11720004]\n",
      " [-0.34260947 -0.24450512  0.2594249  ...  0.09008899  1.\n",
      "   0.12644656]\n",
      " [-0.33314143 -0.27498839  0.23719994 ...  0.11720004  0.12644656\n",
      "   1.        ]]\n",
      "Spearman Correlation Matrix for 78:\n",
      "[[ 1.          0.58500002 -0.09260524 ... -0.53121422 -0.55219542\n",
      "  -0.45796042]\n",
      " [ 0.58500002  1.         -0.30840109 ... -0.43308313 -0.40180174\n",
      "  -0.48298151]\n",
      " [-0.09260524 -0.30840109  1.         ...  0.05390381  0.12446321\n",
      "  -0.01495615]\n",
      " ...\n",
      " [-0.53121422 -0.43308313  0.05390381 ...  1.          0.33721035\n",
      "   0.35411807]\n",
      " [-0.55219542 -0.40180174  0.12446321 ...  0.33721035  1.\n",
      "   0.2375829 ]\n",
      " [-0.45796042 -0.48298151 -0.01495615 ...  0.35411807  0.2375829\n",
      "   1.        ]]\n",
      "Spearman Correlation Matrix for 7800:\n",
      "[[ 1.          0.33723735 -0.37647819 ... -0.24048341 -0.28883462\n",
      "  -0.22152274]\n",
      " [ 0.33723735  1.         -0.34732763 ... -0.04491774 -0.2302939\n",
      "  -0.1722514 ]\n",
      " [-0.37647819 -0.34732763  1.         ...  0.0243765   0.20356457\n",
      "  -0.11159132]\n",
      " ...\n",
      " [-0.24048341 -0.04491774  0.0243765  ...  1.          0.13278275\n",
      "   0.07614198]\n",
      " [-0.28883462 -0.2302939   0.20356457 ...  0.13278275  1.\n",
      "   0.05157099]\n",
      " [-0.22152274 -0.1722514  -0.11159132 ...  0.07614198  0.05157099\n",
      "   1.        ]]\n",
      "Spearman Correlation Matrix for 83:\n",
      "[[ 1.         -0.10332394 -0.59703709 ... -0.25839874 -0.25550375\n",
      "  -0.338911  ]\n",
      " [-0.10332394  1.         -0.30094956 ... -0.0447676   0.06057385\n",
      "   0.12760375]\n",
      " [-0.59703709 -0.30094956  1.         ...  0.18077809  0.20269239\n",
      "   0.19039826]\n",
      " ...\n",
      " [-0.25839874 -0.0447676   0.18077809 ...  1.          0.0716987\n",
      "   0.21536317]\n",
      " [-0.25550375  0.06057385  0.20269239 ...  0.0716987   1.\n",
      "   0.18888206]\n",
      " [-0.338911    0.12760375  0.19039826 ...  0.21536317  0.18888206\n",
      "   1.        ]]\n",
      "Spearman Correlation Matrix for 87:\n",
      "[[ 1.          0.27589193 -0.11267993 ... -0.09222082 -0.355827\n",
      "  -0.17052105]\n",
      " [ 0.27589193  1.         -0.44201235 ... -0.09239919 -0.20398795\n",
      "  -0.01102109]\n",
      " [-0.11267993 -0.44201235  1.         ...  0.00121039  0.20828716\n",
      "  -0.03799775]\n",
      " ...\n",
      " [-0.09222082 -0.09239919  0.00121039 ...  1.         -0.03520974\n",
      "   0.14425679]\n",
      " [-0.355827   -0.20398795  0.20828716 ... -0.03520974  1.\n",
      "   0.02114961]\n",
      " [-0.17052105 -0.01102109 -0.03799775 ...  0.14425679  0.02114961\n",
      "   1.        ]]\n",
      "Spearman Correlation Matrix for All Speakers Combined:\n",
      "[[ 1.          0.08679433 -0.22005262 ... -0.21368631 -0.21863155\n",
      "  -0.21605527]\n",
      " [ 0.08679433  1.         -0.18984036 ... -0.07101303 -0.205334\n",
      "  -0.07011145]\n",
      " [-0.22005262 -0.18984036  1.         ...  0.10137365  0.0665577\n",
      "   0.09523069]\n",
      " ...\n",
      " [-0.21368631 -0.07101303  0.10137365 ...  1.          0.22406391\n",
      "   0.36886447]\n",
      " [-0.21863155 -0.205334    0.0665577  ...  0.22406391  1.\n",
      "   0.17068116]\n",
      " [-0.21605527 -0.07011145  0.09523069 ...  0.36886447  0.17068116\n",
      "   1.        ]]\n"
     ]
    }
   ],
   "source": [
    "speaker_corrs, all_speakers_corr = spearman_correlation_test(mfcc_stats_dict)\n",
    "\n",
    "# Print results for each speaker\n",
    "for speaker, corr_matrix in speaker_corrs.items():\n",
    "    print(f\"Spearman Correlation Matrix for {speaker}:\")\n",
    "    print(corr_matrix)\n",
    "\n",
    "# Print the overall correlation for all speakers combined\n",
    "print(\"Spearman Correlation Matrix for All Speakers Combined:\")\n",
    "print(all_speakers_corr)"
   ]
  },
  {
   "cell_type": "code",
   "execution_count": 55,
   "metadata": {},
   "outputs": [
    {
     "data": {
